40
0
47
54
39
54
41
35
47
53
27
43
28
37
38
30
41
36
22
37
24
39
36
32
39
53
28
38
38
36
28
41
27
44
42
7
22
38
3
31
38
29
36
38
37
37
37
29
36
31
38
27
27
37
35
35
38
35
24
40
36
19
39
20
28
42
37
38
35
37
32
5
42
8
38
38
36
37
37
37
3
32
24
28
38
28
24
35
37
30
31
21
38
35
38
19
35
36
38
35
29
37
22
35
36
20
35
38
11
40
23
1
39
19
27
38
22
5
38
20
32
6
38
36
25
35
24
17
38
37
35
37
24
27
19
35
37
38
28
36
31
22
1
36
24
36
21
31
38
36
21
17
38
20
23
22
36
0
29
38
22
36
34
24
15
21
29
32
11
39
22
6
36
38
31
20
23
2
25
36
22
30
36
37
38
19
29
38
35
28
22
5
24
18
36
0
19
19
19
19
35
38
38
36
28
35
23
36
19
36
27
35
21
32
3
17
1
35
35
21
23
21
25
24
21
18
0
19
34
23
37
19
29
37
24
20
26
32
0
27
29
31
7
28
0
26
21
23
36
37
22
29
26
36
35
31
31
19
35
27
22
34
38
35
36
38
19
20
19
25
6
19
22
6
15
22
20
21
35
24
19
20
26
31
15
20
20
19
38
35
31
0
27
36
18
37
23
35
26
38
35
22
24
18
3
18
4
12
0
20
4
28
25
23
29
33
24
19
26
38
37
20
17
28
7
27
29
30
0
28
22
29
22
22
31
25
21
24
22
31
0
28
19
19
26
35
22
33
21
32
18
29
35
32
19
26
17
27
22
17
38
36
20
22
26
18
20
19
6
20
15
19
25
33
35
12
35
23
0
25
20
13
9
24
20
20
22
21
24
23
15
21
31
0
10
23
26
37
23
3
18
38
23
23
4
11
19
36
24
17
29
20
29
34
0
24
4
27
30
20
17
27
4
21
26
37
34
24
22
30
20
27
29
29
20
36
22
32
23
19
31
26
31
21
28
22
24
17
19
20
17
33
2
21
26
19
21
31
17
28
23
24
25
25
18
30
26
17
20
27
24
36
22
18
25
34
21
16
13
22
20
20
20
14
18
21
27
20
35
11
24
24
1
23
24
18
9
23
0
27
22
19
19
2
15
22
28
21
20
20
28
25
10
24
32
19
23
24
31
22
23
4
34
24
29
19
23
26
19
35
21
30
30
19
18
32
0
23
31
29
34
23
21
25
4
22
24
29
20
35
18
25
20
28
24
0
31
22
6
18
23
20
22
24
17
34
11
21
24
18
23
7
24
18
20
21
26
20
17
25
23
9
0
4
23
23
20
28
22
24
21
17
25
26
21
15
21
2
22
30
24
35
18
22
11
19
3
21
13
21
1
24
2
20
5
14
27
19
22
20
20
23
17
23
24
17
20
19
19
16
9
3
19
1
2
22
19
24
26
21
28
26
24
17
21
20
20
19
32
20
29
28
34
23
17
26
31
21
21
30
21
29
36
30
23
25
23
22
31
30
28
35
18
31
16
23
24
30
18
10
21
26
14
19
24
0
33
24
18
26
19
25
22
23
4
22
6
17
7
23
23
8
22
28
11
22
22
19
17
26
3
17
20
22
23
20
24
17
12
19
0
3
19
20
17
19
20
20
22
23
21
1
20
20
20
23
21
18
11
20
24
25
11
19
22
29
2
19
0
18
21
25
3
22
20
24
10
17
25
20
5
13
19
15
22
22
19
11
17
24
19
23
19
22
26
22
9
4
21
19
17
22
0
21
26
22
23
10
21
2
24
20
20
20
24
18
25
20
19
19
29
27
19
25
21
29
19
27
17
25
32
20
23
21
20
25
36
29
14
38
16
24
20
26
28
36
23
30
14
20
0
30
18
9
20
29
19
26
26
18
33
23
28
24
7
24
21
25
4
21
3
19
22
20
5
31
22
27
33
25
23
19
5
23
3
18
16
14
19
19
20
19
12
20
20
18
18
1
24
20
20
19
21
20
10
9
2
22
20
19
24
26
7
28
21
25
20
24
0
17
20
33
19
20
11
20
10
18
8
19
19
9
21
26
22
21
32
17
19
9
25
19
19
21
12
22
20
18
19
12
17
21
0
18
22
19
26
21
21
1
17
0
5
0
0
22
25
19
19
21
20
22
24
19
17
20
16
12
19
12
19
20
18
2
23
18
22
22
19
26
8
18
32
19
18
26
19
28
12
35
14
37
22
17
20
26
30
23
23
29
7
11
20
25
17
28
20
30
18
21
0
29
3
24
28
23
25
13
26
17
22
33
3
20
25
20
21
26
18
24
33
26
17
17
5
32
22
28
16
13
17
21
5
24
17
25
20
17
17
4
20
20
17
19
21
19
12
19
24
19
14
22
2
15
22
17
2
21
19
20
22
21
20
5
7
27
20
34
19
32
9
15
21
26
8
20
11
25
22
20
19
19
32
18
20
21
21
9
19
10
12
21
18
8
24
11
19
10
0
17
20
19
17
19
20
17
17
0
0
22
21
0
22
20
19
22
10
18
17
24
5
0
16
11
21
17
16
26
20
21
23
17
3
23
22
20
19
11
10
10
20
3
19
16
22
21
2
16
17
17
11
20
