54
0
31
40
14
36
23
35
31
39
25
22
26
31
30
20
23
36
27
31
25
31
26
21
14
35
26
32
19
34
28
31
25
21
22
20
27
32
19
29
30
19
17
19
25
28
20
19
26
22
23
15
23
23
26
7
19
33
25
32
28
20
21
21
28
32
25
27
21
7
26
26
22
19
17
32
17
20
20
21
19
30
21
17
23
16
14
19
20
20
5
20
2
6
18
7
26
8
19
18
0
23
19
18
28
19
21
8
8
22
20
19
21
22
23
24
3
21
0
20
26
25
2
5
23
20
26
18
17
31
7
24
21
18
18
19
20
22
6
6
5
19
24
16
14
20
0
17
19
17
17
20
18
8
7
19
17
20
10
5
19
17
16
0
5
0
19
17
8
21
3
22
19
0
4
0
20
20
23
19
20
21
20
20
0
19
0
24
17
7
19
0
26
17
17
19
0
19
16
8
7
23
24
18
6
5
5
19
18
20
6
19
0
18
19
17
24
15
17
4
7
20
20
13
17
19
15
18
16
0
4
1
10
6
7
6
17
12
16
0
19
18
20
20
14
2
7
4
19
0
20
22
18
6
0
11
4
0
17
8
17
19
5
18
20
19
0
20
17
7
13
17
19
0
5
0
0
19
13
11
16
7
17
11
17
17
4
0
24
17
21
18
6
20
10
19
5
20
0
17
17
3
18
0
19
18
7
0
15
17
17
6
20
14
19
12
7
5
1
7
4
2
5
8
20
19
1
18
16
0
0
17
7
5
18
4
7
3
18
17
0
2
18
6
18
5
17
20
6
6
17
9
0
12
17
8
18
0
7
20
5
17
0
20
17
19
6
5
13
18
17
18
17
13
4
5
13
12
14
1
6
0
8
5
4
0
7
6
17
15
17
16
21
17
0
12
0
18
13
3
10
20
15
19
7
0
12
0
18
0
7
6
19
11
18
2
17
5
10
0
5
7
5
6
1
8
8
15
0
18
0
15
1
17
1
2
18
18
15
0
18
3
3
6
0
2
8
0
18
5
1
4
5
4
0
3
6
5
18
0
0
18
19
2
17
10
17
20
20
11
12
18
7
19
17
14
19
0
4
19
6
6
6
0
14
19
4
18
4
6
17
16
5
18
18
0
8
6
0
1
7
0
7
11
17
15
0
1
7
7
10
18
0
11
4
20
15
20
12
7
13
4
1
17
7
5
2
0
12
0
5
17
10
0
8
8
18
1
0
16
8
16
18
10
5
5
7
2
1
1
0
2
0
16
3
2
3
5
1
0
15
0
3
14
1
3
13
0
8
0
0
6
0
15
10
1
0
4
0
17
5
0
0
2
0
17
20
12
4
0
19
0
19
1
19
0
16
4
20
11
12
17
14
20
13
0
0
0
4
20
5
17
5
9
0
1
4
17
7
0
3
0
0
10
18
0
7
8
7
5
10
3
7
12
5
3
14
0
1
0
10
17
0
16
11
4
10
1
4
19
17
20
1
18
4
11
12
8
7
11
5
18
18
0
2
0
1
0
0
15
4
12
8
7
13
5
7
1
13
3
18
9
7
1
3
1
2
8
0
1
3
0
3
13
4
12
1
0
10
17
0
5
18
5
13
0
6
0
0
18
5
6
10
2
1
0
1
7
2
0
0
1
0
1
1
1
8
0
4
0
16
3
9
0
13
19
19
0
13
0
12
2
16
14
20
12
5
10
3
4
0
11
0
0
3
0
1
9
1
10
0
2
7
6
5
13
6
9
0
9
14
0
5
8
1
18
10
4
11
3
3
7
12
3
1
0
5
0
12
0
0
7
10
2
1
8
7
8
1
12
17
19
10
18
7
12
2
1
4
12
2
5
1
0
4
0
18
0
17
9
13
6
4
1
4
11
2
10
7
2
4
6
13
4
0
0
3
0
7
11
2
7
14
3
10
18
4
0
4
11
3
6
6
0
1
16
18
6
0
0
1
0
2
0
5
5
3
12
0
2
6
0
2
0
0
3
0
0
5
1
8
0
1
1
6
0
0
0
9
0
12
1
8
12
0
15
13
20
3
3
3
7
6
6
16
13
1
10
1
14
0
9
0
12
5
14
5
17
0
2
1
9
5
7
4
3
6
1
6
10
3
8
1
1
11
4
1
17
12
0
5
0
18
0
12
4
7
7
2
4
7
5
0
8
1
2
3
1
0
6
1
11
0
0
1
0
2
0
10
17
6
18
2
6
4
17
2
2
9
13
17
10
0
0
4
0
7
0
2
9
2
2
4
2
1
8
0
0
0
9
4
5
0
4
14
4
12
6
7
12
0
5
3
5
0
4
4
0
0
0
0
0
0
7
1
15
0
0
3
11
4
6
2
0
0
7
0
4
3
5
6
0
0
0
1
2
8
4
5
2
5
0
7
0
0
0
0
0
4
5
0
8
3
0
8
11
3
8
3
4
1
0
0
16
1
13
18
3
10
2
6
5
5
18
17
6
1
0
0
10
4
4
18
0
16
0
0
1
1
2
0
0
3
0
6
2
5
0
7
1
0
0
11
3
2
3
6
5
1
0
18
0
3
2
0
2
4
0
7
6
1
0
0
4
11
1
0
5
6
0
0
0
6
0
2
0
7
0
0
3
0
0
