54
0
33
42
18
36
25
35
33
41
25
22
24
33
30
20
25
36
29
33
25
31
26
21
18
35
24
34
21
32
28
33
25
21
24
20
29
34
21
29
30
19
17
17
27
28
20
19
26
22
23
17
23
23
26
13
21
31
25
32
28
22
21
21
28
34
27
27
21
13
26
26
24
19
17
32
17
18
18
21
21
30
21
19
23
18
18
19
20
20
0
18
0
10
18
0
26
14
19
20
0
23
19
18
28
21
21
14
2
22
18
19
21
22
23
24
3
21
2
20
26
25
0
9
23
20
26
18
17
31
17
24
21
20
18
19
18
22
4
6
0
17
24
18
18
20
0
17
19
19
17
20
18
0
3
19
17
20
10
3
19
17
18
2
5
0
19
19
2
21
3
22
19
6
8
2
18
20
23
19
20
21
18
20
2
19
0
24
17
5
19
2
26
17
17
19
3
19
16
10
17
23
24
18
4
5
7
19
18
20
0
19
0
18
19
17
24
17
17
6
3
20
20
15
17
19
7
20
18
1
6
1
10
4
5
6
17
18
16
1
19
20
20
20
10
6
1
6
19
5
20
22
12
2
1
7
8
1
17
6
17
19
5
18
18
19
3
20
19
5
17
17
19
1
5
0
6
19
7
11
16
9
17
17
17
15
6
0
24
17
21
20
0
20
16
19
7
20
0
11
17
5
20
0
19
18
9
3
7
19
19
10
20
16
19
8
5
5
0
9
6
2
7
8
20
19
1
18
16
2
0
17
9
3
18
2
1
5
18
17
0
4
18
2
12
1
17
20
6
6
17
13
1
8
19
6
20
5
3
20
5
17
6
20
15
19
6
9
17
18
17
16
17
13
4
1
7
12
10
5
10
0
14
3
6
0
9
4
17
17
17
18
21
19
0
14
0
12
9
3
16
20
17
19
9
4
10
0
20
0
13
12
19
7
18
0
19
9
12
1
7
7
7
4
0
10
8
13
0
18
0
15
1
17
3
2
18
18
11
2
18
1
3
6
0
4
4
2
18
1
1
2
5
6
0
5
6
5
20
6
0
18
19
4
17
14
15
20
20
15
12
12
3
19
17
14
19
0
4
19
6
10
10
0
18
19
4
18
4
2
17
18
5
18
18
2
14
4
0
3
7
0
9
11
17
17
0
3
5
11
12
18
0
13
8
20
17
20
14
9
9
4
0
17
13
11
2
0
10
0
9
17
12
2
8
8
18
0
0
18
8
14
18
10
7
3
5
4
3
1
0
0
0
16
3
0
3
5
0
3
11
1
5
14
1
1
11
0
4
1
3
4
0
17
10
0
0
6
0
17
3
2
0
0
0
17
20
16
4
0
19
5
19
3
19
0
18
2
20
13
12
11
18
20
15
1
0
2
4
20
5
17
3
7
0
0
4
17
7
0
5
4
0
8
18
1
5
12
7
3
8
7
9
12
5
5
18
0
3
0
12
17
0
18
11
0
12
1
8
19
17
20
0
18
2
15
14
10
11
11
9
18
18
0
2
0
0
0
0
17
2
12
8
7
13
5
5
3
13
3
18
9
5
3
3
0
2
10
0
0
7
2
5
13
2
10
0
4
8
17
3
3
18
7
11
0
8
0
0
18
3
8
10
0
1
0
3
9
0
0
0
0
0
3
1
0
10
0
4
0
18
1
11
2
13
19
19
6
15
2
12
2
18
14
20
14
3
8
3
2
0
11
0
1
5
3
0
11
3
10
0
0
7
4
7
9
4
11
0
7
18
0
7
10
1
16
8
8
11
0
1
5
10
5
3
0
3
1
12
0
0
7
12
2
3
10
5
6
1
14
17
19
10
18
11
12
2
0
2
16
2
5
0
0
4
0
18
0
17
9
13
6
4
3
2
11
2
10
5
4
4
8
13
4
0
0
7
1
7
11
2
9
14
3
8
18
6
0
2
9
5
8
8
0
3
18
18
8
0
0
1
0
2
1
3
7
1
14
0
4
8
0
0
0
0
5
0
0
5
1
10
0
0
1
6
0
0
0
11
1
12
1
8
12
0
15
13
20
3
1
1
9
4
8
18
13
0
12
1
16
0
9
0
12
7
10
9
17
0
4
3
9
7
9
2
3
8
1
4
12
1
6
1
1
13
2
1
15
12
0
3
4
18
0
10
6
5
5
2
6
9
5
0
8
1
0
1
1
0
4
1
13
0
0
1
0
0
0
10
17
10
18
2
6
8
17
2
0
11
13
17
10
0
0
4
0
7
1
2
9
2
4
4
4
1
10
0
0
0
11
4
7
0
4
14
4
16
4
7
12
0
5
5
7
0
4
6
0
0
0
0
0
0
7
3
17
0
0
1
13
4
6
2
2
2
9
0
6
3
5
8
0
1
0
0
2
8
4
5
2
5
0
7
1
0
0
0
0
4
5
0
8
3
0
8
11
1
10
5
6
1
0
0
16
1
15
18
5
10
0
4
7
9
18
19
4
5
0
0
10
2
4
18
0
14
0
0
3
1
2
0
0
3
0
8
2
3
3
9
0
0
0
13
1
2
5
6
3
1
0
18
0
1
2
0
4
8
0
9
6
1
0
0
4
11
3
0
3
6
0
0
0
6
2
0
0
7
2
0
3
2
0
